[VisIr1]
Rx00=0.712120
Rx01=0.000000
Rx02=-0.549657
Rx03=59.082539
kSx00=0.970665
kSx01=0.971588
kSx02=0.972148
kSx03=0.886346
Dy00=0.285804
Dy01=-0.000000
Dy02=-0.184352
Dy03=-32.458894
kSy00=0.970665
kSy01=0.970665
kSy02=0.970665
kSy03=0.970665
[VisIr2]
Rx00=0.619925
Rx01=0.000000
Rx02=-0.377908
Rx03=3.915430
kSx00=0.965557
kSx01=0.966180
kSx02=0.966435
kSx03=0.958207
Dy00=-0.322286
Dy01=-0.000000
Dy02=0.143972
Dy03=-0.015122
kSy00=0.965557
kSy01=0.965557
kSy02=0.965557
kSy03=0.965557
